Resultados da Simulacao
Probabilidade de Difusao e Tentativas Totais

Probabilidade de P: 0.3
Total de tentativas: 1
Densidade vazia: [0.9]
Densidade P: [0.0]
Densidade G: [0.1]

Probabilidade de P: 0.3
Total de tentativas: 2
Densidade vazia: [0.9, 0.8]
Densidade P: [0.0, 0.0]
Densidade G: [0.1, 0.2]

Probabilidade de P: 0.3
Total de tentativas: 3
Densidade vazia: [0.9, 0.8, 0.8]
Densidade P: [0.0, 0.0, 0.0]
Densidade G: [0.1, 0.2, 0.2]

Probabilidade de P: 0.3
Total de tentativas: 4
Densidade vazia: [0.9, 0.8, 0.8, 0.8]
Densidade P: [0.0, 0.0, 0.0, 0.0]
Densidade G: [0.1, 0.2, 0.2, 0.2]

Probabilidade de P: 0.3
Total de tentativas: 5
Densidade vazia: [0.9, 0.8, 0.8, 0.8, 0.8]
Densidade P: [0.0, 0.0, 0.0, 0.0, 0.0]
Densidade G: [0.1, 0.2, 0.2, 0.2, 0.2]

Probabilidade de P: 0.3
Total de tentativas: 6
Densidade vazia: [0.9, 0.8, 0.8, 0.8, 0.8, 0.7]
Densidade P: [0.0, 0.0, 0.0, 0.0, 0.0, 0.1]
Densidade G: [0.1, 0.2, 0.2, 0.2, 0.2, 0.2]

Probabilidade de P: 0.3
Total de tentativas: 7
Densidade vazia: [0.9, 0.8, 0.8, 0.8, 0.8, 0.7, 0.6]
Densidade P: [0.0, 0.0, 0.0, 0.0, 0.0, 0.1, 0.1]
Densidade G: [0.1, 0.2, 0.2, 0.2, 0.2, 0.2, 0.3]

Probabilidade de P: 0.3
Total de tentativas: 8
Densidade vazia: [0.9, 0.8, 0.8, 0.8, 0.8, 0.7, 0.6, 0.6]
Densidade P: [0.0, 0.0, 0.0, 0.0, 0.0, 0.1, 0.1, 0.1]
Densidade G: [0.1, 0.2, 0.2, 0.2, 0.2, 0.2, 0.3, 0.3]

Probabilidade de P: 0.3
Total de tentativas: 9
Densidade vazia: [0.9, 0.8, 0.8, 0.8, 0.8, 0.7, 0.6, 0.6, 0.6]
Densidade P: [0.0, 0.0, 0.0, 0.0, 0.0, 0.1, 0.1, 0.1, 0.1]
Densidade G: [0.1, 0.2, 0.2, 0.2, 0.2, 0.2, 0.3, 0.3, 0.3]

Probabilidade de P: 0.3
Total de tentativas: 10
Densidade vazia: [0.9, 0.8, 0.8, 0.8, 0.8, 0.7, 0.6, 0.6, 0.6, 0.6]
Densidade P: [0.0, 0.0, 0.0, 0.0, 0.0, 0.1, 0.1, 0.1, 0.1, 0.1]
Densidade G: [0.1, 0.2, 0.2, 0.2, 0.2, 0.2, 0.3, 0.3, 0.3, 0.3]

Probabilidade de P: 0.3
Total de tentativas: 11
Densidade vazia: [0.9, 0.8, 0.8, 0.8, 0.8, 0.7, 0.6, 0.6, 0.6, 0.6, 0.6]
Densidade P: [0.0, 0.0, 0.0, 0.0, 0.0, 0.1, 0.1, 0.1, 0.1, 0.1, 0.1]
Densidade G: [0.1, 0.2, 0.2, 0.2, 0.2, 0.2, 0.3, 0.3, 0.3, 0.3, 0.3]

Probabilidade de P: 0.3
Total de tentativas: 12
Densidade vazia: [0.9, 0.8, 0.8, 0.8, 0.8, 0.7, 0.6, 0.6, 0.6, 0.6, 0.6, 0.6]
Densidade P: [0.0, 0.0, 0.0, 0.0, 0.0, 0.1, 0.1, 0.1, 0.1, 0.1, 0.1, 0.1]
Densidade G: [0.1, 0.2, 0.2, 0.2, 0.2, 0.2, 0.3, 0.3, 0.3, 0.3, 0.3, 0.3]

Probabilidade de P: 0.3
Total de tentativas: 13
Densidade vazia: [0.9, 0.8, 0.8, 0.8, 0.8, 0.7, 0.6, 0.6, 0.6, 0.6, 0.6, 0.6, 0.5]
Densidade P: [0.0, 0.0, 0.0, 0.0, 0.0, 0.1, 0.1, 0.1, 0.1, 0.1, 0.1, 0.1, 0.1]
Densidade G: [0.1, 0.2, 0.2, 0.2, 0.2, 0.2, 0.3, 0.3, 0.3, 0.3, 0.3, 0.3, 0.4]

Probabilidade de P: 0.3
Total de tentativas: 14
Densidade vazia: [0.9, 0.8, 0.8, 0.8, 0.8, 0.7, 0.6, 0.6, 0.6, 0.6, 0.6, 0.6, 0.5, 0.7]
Densidade P: [0.0, 0.0, 0.0, 0.0, 0.0, 0.1, 0.1, 0.1, 0.1, 0.1, 0.1, 0.1, 0.1, 0.0]
Densidade G: [0.1, 0.2, 0.2, 0.2, 0.2, 0.2, 0.3, 0.3, 0.3, 0.3, 0.3, 0.3, 0.4, 0.3]

Probabilidade de P: 0.3
Total de tentativas: 15
Densidade vazia: [0.9, 0.8, 0.8, 0.8, 0.8, 0.7, 0.6, 0.6, 0.6, 0.6, 0.6, 0.6, 0.5, 0.7, 0.7]
Densidade P: [0.0, 0.0, 0.0, 0.0, 0.0, 0.1, 0.1, 0.1, 0.1, 0.1, 0.1, 0.1, 0.1, 0.0, 0.0]
Densidade G: [0.1, 0.2, 0.2, 0.2, 0.2, 0.2, 0.3, 0.3, 0.3, 0.3, 0.3, 0.3, 0.4, 0.3, 0.3]

Probabilidade de P: 0.3
Total de tentativas: 16
Densidade vazia: [0.9, 0.8, 0.8, 0.8, 0.8, 0.7, 0.6, 0.6, 0.6, 0.6, 0.6, 0.6, 0.5, 0.7, 0.7, 0.7]
Densidade P: [0.0, 0.0, 0.0, 0.0, 0.0, 0.1, 0.1, 0.1, 0.1, 0.1, 0.1, 0.1, 0.1, 0.0, 0.0, 0.0]
Densidade G: [0.1, 0.2, 0.2, 0.2, 0.2, 0.2, 0.3, 0.3, 0.3, 0.3, 0.3, 0.3, 0.4, 0.3, 0.3, 0.3]

Probabilidade de P: 0.3
Total de tentativas: 17
Densidade vazia: [0.9, 0.8, 0.8, 0.8, 0.8, 0.7, 0.6, 0.6, 0.6, 0.6, 0.6, 0.6, 0.5, 0.7, 0.7, 0.7, 0.6]
Densidade P: [0.0, 0.0, 0.0, 0.0, 0.0, 0.1, 0.1, 0.1, 0.1, 0.1, 0.1, 0.1, 0.1, 0.0, 0.0, 0.0, 0.1]
Densidade G: [0.1, 0.2, 0.2, 0.2, 0.2, 0.2, 0.3, 0.3, 0.3, 0.3, 0.3, 0.3, 0.4, 0.3, 0.3, 0.3, 0.3]

Probabilidade de P: 0.3
Total de tentativas: 18
Densidade vazia: [0.9, 0.8, 0.8, 0.8, 0.8, 0.7, 0.6, 0.6, 0.6, 0.6, 0.6, 0.6, 0.5, 0.7, 0.7, 0.7, 0.6, 0.8]
Densidade P: [0.0, 0.0, 0.0, 0.0, 0.0, 0.1, 0.1, 0.1, 0.1, 0.1, 0.1, 0.1, 0.1, 0.0, 0.0, 0.0, 0.1, 0.0]
Densidade G: [0.1, 0.2, 0.2, 0.2, 0.2, 0.2, 0.3, 0.3, 0.3, 0.3, 0.3, 0.3, 0.4, 0.3, 0.3, 0.3, 0.3, 0.2]

Probabilidade de P: 0.3
Total de tentativas: 19
Densidade vazia: [0.9, 0.8, 0.8, 0.8, 0.8, 0.7, 0.6, 0.6, 0.6, 0.6, 0.6, 0.6, 0.5, 0.7, 0.7, 0.7, 0.6, 0.8, 0.7]
Densidade P: [0.0, 0.0, 0.0, 0.0, 0.0, 0.1, 0.1, 0.1, 0.1, 0.1, 0.1, 0.1, 0.1, 0.0, 0.0, 0.0, 0.1, 0.0, 0.0]
Densidade G: [0.1, 0.2, 0.2, 0.2, 0.2, 0.2, 0.3, 0.3, 0.3, 0.3, 0.3, 0.3, 0.4, 0.3, 0.3, 0.3, 0.3, 0.2, 0.3]

Probabilidade de P: 0.3
Total de tentativas: 20
Densidade vazia: [0.9, 0.8, 0.8, 0.8, 0.8, 0.7, 0.6, 0.6, 0.6, 0.6, 0.6, 0.6, 0.5, 0.7, 0.7, 0.7, 0.6, 0.8, 0.7, 0.7]
Densidade P: [0.0, 0.0, 0.0, 0.0, 0.0, 0.1, 0.1, 0.1, 0.1, 0.1, 0.1, 0.1, 0.1, 0.0, 0.0, 0.0, 0.1, 0.0, 0.0, 0.0]
Densidade G: [0.1, 0.2, 0.2, 0.2, 0.2, 0.2, 0.3, 0.3, 0.3, 0.3, 0.3, 0.3, 0.4, 0.3, 0.3, 0.3, 0.3, 0.2, 0.3, 0.3]

Probabilidade de P: 0.3
Total de tentativas: 21
Densidade vazia: [0.9, 0.8, 0.8, 0.8, 0.8, 0.7, 0.6, 0.6, 0.6, 0.6, 0.6, 0.6, 0.5, 0.7, 0.7, 0.7, 0.6, 0.8, 0.7, 0.7, 0.7]
Densidade P: [0.0, 0.0, 0.0, 0.0, 0.0, 0.1, 0.1, 0.1, 0.1, 0.1, 0.1, 0.1, 0.1, 0.0, 0.0, 0.0, 0.1, 0.0, 0.0, 0.0, 0.0]
Densidade G: [0.1, 0.2, 0.2, 0.2, 0.2, 0.2, 0.3, 0.3, 0.3, 0.3, 0.3, 0.3, 0.4, 0.3, 0.3, 0.3, 0.3, 0.2, 0.3, 0.3, 0.3]

Probabilidade de P: 0.3
Total de tentativas: 22
Densidade vazia: [0.9, 0.8, 0.8, 0.8, 0.8, 0.7, 0.6, 0.6, 0.6, 0.6, 0.6, 0.6, 0.5, 0.7, 0.7, 0.7, 0.6, 0.8, 0.7, 0.7, 0.7, 0.7]
Densidade P: [0.0, 0.0, 0.0, 0.0, 0.0, 0.1, 0.1, 0.1, 0.1, 0.1, 0.1, 0.1, 0.1, 0.0, 0.0, 0.0, 0.1, 0.0, 0.0, 0.0, 0.0, 0.0]
Densidade G: [0.1, 0.2, 0.2, 0.2, 0.2, 0.2, 0.3, 0.3, 0.3, 0.3, 0.3, 0.3, 0.4, 0.3, 0.3, 0.3, 0.3, 0.2, 0.3, 0.3, 0.3, 0.3]

Probabilidade de P: 0.3
Total de tentativas: 23
Densidade vazia: [0.9, 0.8, 0.8, 0.8, 0.8, 0.7, 0.6, 0.6, 0.6, 0.6, 0.6, 0.6, 0.5, 0.7, 0.7, 0.7, 0.6, 0.8, 0.7, 0.7, 0.7, 0.7, 0.7]
Densidade P: [0.0, 0.0, 0.0, 0.0, 0.0, 0.1, 0.1, 0.1, 0.1, 0.1, 0.1, 0.1, 0.1, 0.0, 0.0, 0.0, 0.1, 0.0, 0.0, 0.0, 0.0, 0.0, 0.0]
Densidade G: [0.1, 0.2, 0.2, 0.2, 0.2, 0.2, 0.3, 0.3, 0.3, 0.3, 0.3, 0.3, 0.4, 0.3, 0.3, 0.3, 0.3, 0.2, 0.3, 0.3, 0.3, 0.3, 0.3]

Probabilidade de P: 0.3
Total de tentativas: 24
Densidade vazia: [0.9, 0.8, 0.8, 0.8, 0.8, 0.7, 0.6, 0.6, 0.6, 0.6, 0.6, 0.6, 0.5, 0.7, 0.7, 0.7, 0.6, 0.8, 0.7, 0.7, 0.7, 0.7, 0.7, 0.7]
Densidade P: [0.0, 0.0, 0.0, 0.0, 0.0, 0.1, 0.1, 0.1, 0.1, 0.1, 0.1, 0.1, 0.1, 0.0, 0.0, 0.0, 0.1, 0.0, 0.0, 0.0, 0.0, 0.0, 0.0, 0.0]
Densidade G: [0.1, 0.2, 0.2, 0.2, 0.2, 0.2, 0.3, 0.3, 0.3, 0.3, 0.3, 0.3, 0.4, 0.3, 0.3, 0.3, 0.3, 0.2, 0.3, 0.3, 0.3, 0.3, 0.3, 0.3]

Probabilidade de P: 0.3
Total de tentativas: 25
Densidade vazia: [0.9, 0.8, 0.8, 0.8, 0.8, 0.7, 0.6, 0.6, 0.6, 0.6, 0.6, 0.6, 0.5, 0.7, 0.7, 0.7, 0.6, 0.8, 0.7, 0.7, 0.7, 0.7, 0.7, 0.7, 0.6]
Densidade P: [0.0, 0.0, 0.0, 0.0, 0.0, 0.1, 0.1, 0.1, 0.1, 0.1, 0.1, 0.1, 0.1, 0.0, 0.0, 0.0, 0.1, 0.0, 0.0, 0.0, 0.0, 0.0, 0.0, 0.0, 0.1]
Densidade G: [0.1, 0.2, 0.2, 0.2, 0.2, 0.2, 0.3, 0.3, 0.3, 0.3, 0.3, 0.3, 0.4, 0.3, 0.3, 0.3, 0.3, 0.2, 0.3, 0.3, 0.3, 0.3, 0.3, 0.3, 0.3]

Probabilidade de P: 0.3
Total de tentativas: 26
Densidade vazia: [0.9, 0.8, 0.8, 0.8, 0.8, 0.7, 0.6, 0.6, 0.6, 0.6, 0.6, 0.6, 0.5, 0.7, 0.7, 0.7, 0.6, 0.8, 0.7, 0.7, 0.7, 0.7, 0.7, 0.7, 0.6, 0.7]
Densidade P: [0.0, 0.0, 0.0, 0.0, 0.0, 0.1, 0.1, 0.1, 0.1, 0.1, 0.1, 0.1, 0.1, 0.0, 0.0, 0.0, 0.1, 0.0, 0.0, 0.0, 0.0, 0.0, 0.0, 0.0, 0.1, 0.1]
Densidade G: [0.1, 0.2, 0.2, 0.2, 0.2, 0.2, 0.3, 0.3, 0.3, 0.3, 0.3, 0.3, 0.4, 0.3, 0.3, 0.3, 0.3, 0.2, 0.3, 0.3, 0.3, 0.3, 0.3, 0.3, 0.3, 0.2]

Probabilidade de P: 0.3
Total de tentativas: 27
Densidade vazia: [0.9, 0.8, 0.8, 0.8, 0.8, 0.7, 0.6, 0.6, 0.6, 0.6, 0.6, 0.6, 0.5, 0.7, 0.7, 0.7, 0.6, 0.8, 0.7, 0.7, 0.7, 0.7, 0.7, 0.7, 0.6, 0.7, 0.8]
Densidade P: [0.0, 0.0, 0.0, 0.0, 0.0, 0.1, 0.1, 0.1, 0.1, 0.1, 0.1, 0.1, 0.1, 0.0, 0.0, 0.0, 0.1, 0.0, 0.0, 0.0, 0.0, 0.0, 0.0, 0.0, 0.1, 0.1, 0.1]
Densidade G: [0.1, 0.2, 0.2, 0.2, 0.2, 0.2, 0.3, 0.3, 0.3, 0.3, 0.3, 0.3, 0.4, 0.3, 0.3, 0.3, 0.3, 0.2, 0.3, 0.3, 0.3, 0.3, 0.3, 0.3, 0.3, 0.2, 0.1]

Probabilidade de P: 0.3
Total de tentativas: 28
Densidade vazia: [0.9, 0.8, 0.8, 0.8, 0.8, 0.7, 0.6, 0.6, 0.6, 0.6, 0.6, 0.6, 0.5, 0.7, 0.7, 0.7, 0.6, 0.8, 0.7, 0.7, 0.7, 0.7, 0.7, 0.7, 0.6, 0.7, 0.8, 0.9]
Densidade P: [0.0, 0.0, 0.0, 0.0, 0.0, 0.1, 0.1, 0.1, 0.1, 0.1, 0.1, 0.1, 0.1, 0.0, 0.0, 0.0, 0.1, 0.0, 0.0, 0.0, 0.0, 0.0, 0.0, 0.0, 0.1, 0.1, 0.1, 0.0]
Densidade G: [0.1, 0.2, 0.2, 0.2, 0.2, 0.2, 0.3, 0.3, 0.3, 0.3, 0.3, 0.3, 0.4, 0.3, 0.3, 0.3, 0.3, 0.2, 0.3, 0.3, 0.3, 0.3, 0.3, 0.3, 0.3, 0.2, 0.1, 0.1]

Probabilidade de P: 0.3
Total de tentativas: 29
Densidade vazia: [0.9, 0.8, 0.8, 0.8, 0.8, 0.7, 0.6, 0.6, 0.6, 0.6, 0.6, 0.6, 0.5, 0.7, 0.7, 0.7, 0.6, 0.8, 0.7, 0.7, 0.7, 0.7, 0.7, 0.7, 0.6, 0.7, 0.8, 0.9, 0.9]
Densidade P: [0.0, 0.0, 0.0, 0.0, 0.0, 0.1, 0.1, 0.1, 0.1, 0.1, 0.1, 0.1, 0.1, 0.0, 0.0, 0.0, 0.1, 0.0, 0.0, 0.0, 0.0, 0.0, 0.0, 0.0, 0.1, 0.1, 0.1, 0.0, 0.0]
Densidade G: [0.1, 0.2, 0.2, 0.2, 0.2, 0.2, 0.3, 0.3, 0.3, 0.3, 0.3, 0.3, 0.4, 0.3, 0.3, 0.3, 0.3, 0.2, 0.3, 0.3, 0.3, 0.3, 0.3, 0.3, 0.3, 0.2, 0.1, 0.1, 0.1]

Probabilidade de P: 0.3
Total de tentativas: 30
Densidade vazia: [0.9, 0.8, 0.8, 0.8, 0.8, 0.7, 0.6, 0.6, 0.6, 0.6, 0.6, 0.6, 0.5, 0.7, 0.7, 0.7, 0.6, 0.8, 0.7, 0.7, 0.7, 0.7, 0.7, 0.7, 0.6, 0.7, 0.8, 0.9, 0.9, 0.8]
Densidade P: [0.0, 0.0, 0.0, 0.0, 0.0, 0.1, 0.1, 0.1, 0.1, 0.1, 0.1, 0.1, 0.1, 0.0, 0.0, 0.0, 0.1, 0.0, 0.0, 0.0, 0.0, 0.0, 0.0, 0.0, 0.1, 0.1, 0.1, 0.0, 0.0, 0.0]
Densidade G: [0.1, 0.2, 0.2, 0.2, 0.2, 0.2, 0.3, 0.3, 0.3, 0.3, 0.3, 0.3, 0.4, 0.3, 0.3, 0.3, 0.3, 0.2, 0.3, 0.3, 0.3, 0.3, 0.3, 0.3, 0.3, 0.2, 0.1, 0.1, 0.1, 0.2]

Probabilidade de P: 0.3
Total de tentativas: 31
Densidade vazia: [0.9, 0.8, 0.8, 0.8, 0.8, 0.7, 0.6, 0.6, 0.6, 0.6, 0.6, 0.6, 0.5, 0.7, 0.7, 0.7, 0.6, 0.8, 0.7, 0.7, 0.7, 0.7, 0.7, 0.7, 0.6, 0.7, 0.8, 0.9, 0.9, 0.8, 0.8]
Densidade P: [0.0, 0.0, 0.0, 0.0, 0.0, 0.1, 0.1, 0.1, 0.1, 0.1, 0.1, 0.1, 0.1, 0.0, 0.0, 0.0, 0.1, 0.0, 0.0, 0.0, 0.0, 0.0, 0.0, 0.0, 0.1, 0.1, 0.1, 0.0, 0.0, 0.0, 0.0]
Densidade G: [0.1, 0.2, 0.2, 0.2, 0.2, 0.2, 0.3, 0.3, 0.3, 0.3, 0.3, 0.3, 0.4, 0.3, 0.3, 0.3, 0.3, 0.2, 0.3, 0.3, 0.3, 0.3, 0.3, 0.3, 0.3, 0.2, 0.1, 0.1, 0.1, 0.2, 0.2]

Probabilidade de P: 0.3
Total de tentativas: 32
Densidade vazia: [0.9, 0.8, 0.8, 0.8, 0.8, 0.7, 0.6, 0.6, 0.6, 0.6, 0.6, 0.6, 0.5, 0.7, 0.7, 0.7, 0.6, 0.8, 0.7, 0.7, 0.7, 0.7, 0.7, 0.7, 0.6, 0.7, 0.8, 0.9, 0.9, 0.8, 0.8, 0.7]
Densidade P: [0.0, 0.0, 0.0, 0.0, 0.0, 0.1, 0.1, 0.1, 0.1, 0.1, 0.1, 0.1, 0.1, 0.0, 0.0, 0.0, 0.1, 0.0, 0.0, 0.0, 0.0, 0.0, 0.0, 0.0, 0.1, 0.1, 0.1, 0.0, 0.0, 0.0, 0.0, 0.1]
Densidade G: [0.1, 0.2, 0.2, 0.2, 0.2, 0.2, 0.3, 0.3, 0.3, 0.3, 0.3, 0.3, 0.4, 0.3, 0.3, 0.3, 0.3, 0.2, 0.3, 0.3, 0.3, 0.3, 0.3, 0.3, 0.3, 0.2, 0.1, 0.1, 0.1, 0.2, 0.2, 0.2]

Probabilidade de P: 0.3
Total de tentativas: 33
Densidade vazia: [0.9, 0.8, 0.8, 0.8, 0.8, 0.7, 0.6, 0.6, 0.6, 0.6, 0.6, 0.6, 0.5, 0.7, 0.7, 0.7, 0.6, 0.8, 0.7, 0.7, 0.7, 0.7, 0.7, 0.7, 0.6, 0.7, 0.8, 0.9, 0.9, 0.8, 0.8, 0.7, 0.7]
Densidade P: [0.0, 0.0, 0.0, 0.0, 0.0, 0.1, 0.1, 0.1, 0.1, 0.1, 0.1, 0.1, 0.1, 0.0, 0.0, 0.0, 0.1, 0.0, 0.0, 0.0, 0.0, 0.0, 0.0, 0.0, 0.1, 0.1, 0.1, 0.0, 0.0, 0.0, 0.0, 0.1, 0.1]
Densidade G: [0.1, 0.2, 0.2, 0.2, 0.2, 0.2, 0.3, 0.3, 0.3, 0.3, 0.3, 0.3, 0.4, 0.3, 0.3, 0.3, 0.3, 0.2, 0.3, 0.3, 0.3, 0.3, 0.3, 0.3, 0.3, 0.2, 0.1, 0.1, 0.1, 0.2, 0.2, 0.2, 0.2]

Probabilidade de P: 0.3
Total de tentativas: 34
Densidade vazia: [0.9, 0.8, 0.8, 0.8, 0.8, 0.7, 0.6, 0.6, 0.6, 0.6, 0.6, 0.6, 0.5, 0.7, 0.7, 0.7, 0.6, 0.8, 0.7, 0.7, 0.7, 0.7, 0.7, 0.7, 0.6, 0.7, 0.8, 0.9, 0.9, 0.8, 0.8, 0.7, 0.7, 0.7]
Densidade P: [0.0, 0.0, 0.0, 0.0, 0.0, 0.1, 0.1, 0.1, 0.1, 0.1, 0.1, 0.1, 0.1, 0.0, 0.0, 0.0, 0.1, 0.0, 0.0, 0.0, 0.0, 0.0, 0.0, 0.0, 0.1, 0.1, 0.1, 0.0, 0.0, 0.0, 0.0, 0.1, 0.1, 0.1]
Densidade G: [0.1, 0.2, 0.2, 0.2, 0.2, 0.2, 0.3, 0.3, 0.3, 0.3, 0.3, 0.3, 0.4, 0.3, 0.3, 0.3, 0.3, 0.2, 0.3, 0.3, 0.3, 0.3, 0.3, 0.3, 0.3, 0.2, 0.1, 0.1, 0.1, 0.2, 0.2, 0.2, 0.2, 0.2]

Probabilidade de P: 0.3
Total de tentativas: 35
Densidade vazia: [0.9, 0.8, 0.8, 0.8, 0.8, 0.7, 0.6, 0.6, 0.6, 0.6, 0.6, 0.6, 0.5, 0.7, 0.7, 0.7, 0.6, 0.8, 0.7, 0.7, 0.7, 0.7, 0.7, 0.7, 0.6, 0.7, 0.8, 0.9, 0.9, 0.8, 0.8, 0.7, 0.7, 0.7, 0.6]
Densidade P: [0.0, 0.0, 0.0, 0.0, 0.0, 0.1, 0.1, 0.1, 0.1, 0.1, 0.1, 0.1, 0.1, 0.0, 0.0, 0.0, 0.1, 0.0, 0.0, 0.0, 0.0, 0.0, 0.0, 0.0, 0.1, 0.1, 0.1, 0.0, 0.0, 0.0, 0.0, 0.1, 0.1, 0.1, 0.1]
Densidade G: [0.1, 0.2, 0.2, 0.2, 0.2, 0.2, 0.3, 0.3, 0.3, 0.3, 0.3, 0.3, 0.4, 0.3, 0.3, 0.3, 0.3, 0.2, 0.3, 0.3, 0.3, 0.3, 0.3, 0.3, 0.3, 0.2, 0.1, 0.1, 0.1, 0.2, 0.2, 0.2, 0.2, 0.2, 0.3]

Probabilidade de P: 0.3
Total de tentativas: 36
Densidade vazia: [0.9, 0.8, 0.8, 0.8, 0.8, 0.7, 0.6, 0.6, 0.6, 0.6, 0.6, 0.6, 0.5, 0.7, 0.7, 0.7, 0.6, 0.8, 0.7, 0.7, 0.7, 0.7, 0.7, 0.7, 0.6, 0.7, 0.8, 0.9, 0.9, 0.8, 0.8, 0.7, 0.7, 0.7, 0.6, 0.5]
Densidade P: [0.0, 0.0, 0.0, 0.0, 0.0, 0.1, 0.1, 0.1, 0.1, 0.1, 0.1, 0.1, 0.1, 0.0, 0.0, 0.0, 0.1, 0.0, 0.0, 0.0, 0.0, 0.0, 0.0, 0.0, 0.1, 0.1, 0.1, 0.0, 0.0, 0.0, 0.0, 0.1, 0.1, 0.1, 0.1, 0.2]
Densidade G: [0.1, 0.2, 0.2, 0.2, 0.2, 0.2, 0.3, 0.3, 0.3, 0.3, 0.3, 0.3, 0.4, 0.3, 0.3, 0.3, 0.3, 0.2, 0.3, 0.3, 0.3, 0.3, 0.3, 0.3, 0.3, 0.2, 0.1, 0.1, 0.1, 0.2, 0.2, 0.2, 0.2, 0.2, 0.3, 0.3]

Probabilidade de P: 0.3
Total de tentativas: 37
Densidade vazia: [0.9, 0.8, 0.8, 0.8, 0.8, 0.7, 0.6, 0.6, 0.6, 0.6, 0.6, 0.6, 0.5, 0.7, 0.7, 0.7, 0.6, 0.8, 0.7, 0.7, 0.7, 0.7, 0.7, 0.7, 0.6, 0.7, 0.8, 0.9, 0.9, 0.8, 0.8, 0.7, 0.7, 0.7, 0.6, 0.5, 0.6]
Densidade P: [0.0, 0.0, 0.0, 0.0, 0.0, 0.1, 0.1, 0.1, 0.1, 0.1, 0.1, 0.1, 0.1, 0.0, 0.0, 0.0, 0.1, 0.0, 0.0, 0.0, 0.0, 0.0, 0.0, 0.0, 0.1, 0.1, 0.1, 0.0, 0.0, 0.0, 0.0, 0.1, 0.1, 0.1, 0.1, 0.2, 0.1]
Densidade G: [0.1, 0.2, 0.2, 0.2, 0.2, 0.2, 0.3, 0.3, 0.3, 0.3, 0.3, 0.3, 0.4, 0.3, 0.3, 0.3, 0.3, 0.2, 0.3, 0.3, 0.3, 0.3, 0.3, 0.3, 0.3, 0.2, 0.1, 0.1, 0.1, 0.2, 0.2, 0.2, 0.2, 0.2, 0.3, 0.3, 0.3]

Probabilidade de P: 0.3
Total de tentativas: 38
Densidade vazia: [0.9, 0.8, 0.8, 0.8, 0.8, 0.7, 0.6, 0.6, 0.6, 0.6, 0.6, 0.6, 0.5, 0.7, 0.7, 0.7, 0.6, 0.8, 0.7, 0.7, 0.7, 0.7, 0.7, 0.7, 0.6, 0.7, 0.8, 0.9, 0.9, 0.8, 0.8, 0.7, 0.7, 0.7, 0.6, 0.5, 0.6, 0.8]
Densidade P: [0.0, 0.0, 0.0, 0.0, 0.0, 0.1, 0.1, 0.1, 0.1, 0.1, 0.1, 0.1, 0.1, 0.0, 0.0, 0.0, 0.1, 0.0, 0.0, 0.0, 0.0, 0.0, 0.0, 0.0, 0.1, 0.1, 0.1, 0.0, 0.0, 0.0, 0.0, 0.1, 0.1, 0.1, 0.1, 0.2, 0.1, 0.0]
Densidade G: [0.1, 0.2, 0.2, 0.2, 0.2, 0.2, 0.3, 0.3, 0.3, 0.3, 0.3, 0.3, 0.4, 0.3, 0.3, 0.3, 0.3, 0.2, 0.3, 0.3, 0.3, 0.3, 0.3, 0.3, 0.3, 0.2, 0.1, 0.1, 0.1, 0.2, 0.2, 0.2, 0.2, 0.2, 0.3, 0.3, 0.3, 0.2]

Probabilidade de P: 0.3
Total de tentativas: 39
Densidade vazia: [0.9, 0.8, 0.8, 0.8, 0.8, 0.7, 0.6, 0.6, 0.6, 0.6, 0.6, 0.6, 0.5, 0.7, 0.7, 0.7, 0.6, 0.8, 0.7, 0.7, 0.7, 0.7, 0.7, 0.7, 0.6, 0.7, 0.8, 0.9, 0.9, 0.8, 0.8, 0.7, 0.7, 0.7, 0.6, 0.5, 0.6, 0.8, 0.7]
Densidade P: [0.0, 0.0, 0.0, 0.0, 0.0, 0.1, 0.1, 0.1, 0.1, 0.1, 0.1, 0.1, 0.1, 0.0, 0.0, 0.0, 0.1, 0.0, 0.0, 0.0, 0.0, 0.0, 0.0, 0.0, 0.1, 0.1, 0.1, 0.0, 0.0, 0.0, 0.0, 0.1, 0.1, 0.1, 0.1, 0.2, 0.1, 0.0, 0.1]
Densidade G: [0.1, 0.2, 0.2, 0.2, 0.2, 0.2, 0.3, 0.3, 0.3, 0.3, 0.3, 0.3, 0.4, 0.3, 0.3, 0.3, 0.3, 0.2, 0.3, 0.3, 0.3, 0.3, 0.3, 0.3, 0.3, 0.2, 0.1, 0.1, 0.1, 0.2, 0.2, 0.2, 0.2, 0.2, 0.3, 0.3, 0.3, 0.2, 0.2]

Probabilidade de P: 0.3
Total de tentativas: 40
Densidade vazia: [0.9, 0.8, 0.8, 0.8, 0.8, 0.7, 0.6, 0.6, 0.6, 0.6, 0.6, 0.6, 0.5, 0.7, 0.7, 0.7, 0.6, 0.8, 0.7, 0.7, 0.7, 0.7, 0.7, 0.7, 0.6, 0.7, 0.8, 0.9, 0.9, 0.8, 0.8, 0.7, 0.7, 0.7, 0.6, 0.5, 0.6, 0.8, 0.7, 0.8]
Densidade P: [0.0, 0.0, 0.0, 0.0, 0.0, 0.1, 0.1, 0.1, 0.1, 0.1, 0.1, 0.1, 0.1, 0.0, 0.0, 0.0, 0.1, 0.0, 0.0, 0.0, 0.0, 0.0, 0.0, 0.0, 0.1, 0.1, 0.1, 0.0, 0.0, 0.0, 0.0, 0.1, 0.1, 0.1, 0.1, 0.2, 0.1, 0.0, 0.1, 0.0]
Densidade G: [0.1, 0.2, 0.2, 0.2, 0.2, 0.2, 0.3, 0.3, 0.3, 0.3, 0.3, 0.3, 0.4, 0.3, 0.3, 0.3, 0.3, 0.2, 0.3, 0.3, 0.3, 0.3, 0.3, 0.3, 0.3, 0.2, 0.1, 0.1, 0.1, 0.2, 0.2, 0.2, 0.2, 0.2, 0.3, 0.3, 0.3, 0.2, 0.2, 0.2]

Probabilidade de P: 0.3
Total de tentativas: 41
Densidade vazia: [0.9, 0.8, 0.8, 0.8, 0.8, 0.7, 0.6, 0.6, 0.6, 0.6, 0.6, 0.6, 0.5, 0.7, 0.7, 0.7, 0.6, 0.8, 0.7, 0.7, 0.7, 0.7, 0.7, 0.7, 0.6, 0.7, 0.8, 0.9, 0.9, 0.8, 0.8, 0.7, 0.7, 0.7, 0.6, 0.5, 0.6, 0.8, 0.7, 0.8, 0.7]
Densidade P: [0.0, 0.0, 0.0, 0.0, 0.0, 0.1, 0.1, 0.1, 0.1, 0.1, 0.1, 0.1, 0.1, 0.0, 0.0, 0.0, 0.1, 0.0, 0.0, 0.0, 0.0, 0.0, 0.0, 0.0, 0.1, 0.1, 0.1, 0.0, 0.0, 0.0, 0.0, 0.1, 0.1, 0.1, 0.1, 0.2, 0.1, 0.0, 0.1, 0.0, 0.0]
Densidade G: [0.1, 0.2, 0.2, 0.2, 0.2, 0.2, 0.3, 0.3, 0.3, 0.3, 0.3, 0.3, 0.4, 0.3, 0.3, 0.3, 0.3, 0.2, 0.3, 0.3, 0.3, 0.3, 0.3, 0.3, 0.3, 0.2, 0.1, 0.1, 0.1, 0.2, 0.2, 0.2, 0.2, 0.2, 0.3, 0.3, 0.3, 0.2, 0.2, 0.2, 0.3]

Probabilidade de P: 0.3
Total de tentativas: 42
Densidade vazia: [0.9, 0.8, 0.8, 0.8, 0.8, 0.7, 0.6, 0.6, 0.6, 0.6, 0.6, 0.6, 0.5, 0.7, 0.7, 0.7, 0.6, 0.8, 0.7, 0.7, 0.7, 0.7, 0.7, 0.7, 0.6, 0.7, 0.8, 0.9, 0.9, 0.8, 0.8, 0.7, 0.7, 0.7, 0.6, 0.5, 0.6, 0.8, 0.7, 0.8, 0.7, 0.6]
Densidade P: [0.0, 0.0, 0.0, 0.0, 0.0, 0.1, 0.1, 0.1, 0.1, 0.1, 0.1, 0.1, 0.1, 0.0, 0.0, 0.0, 0.1, 0.0, 0.0, 0.0, 0.0, 0.0, 0.0, 0.0, 0.1, 0.1, 0.1, 0.0, 0.0, 0.0, 0.0, 0.1, 0.1, 0.1, 0.1, 0.2, 0.1, 0.0, 0.1, 0.0, 0.0, 0.1]
Densidade G: [0.1, 0.2, 0.2, 0.2, 0.2, 0.2, 0.3, 0.3, 0.3, 0.3, 0.3, 0.3, 0.4, 0.3, 0.3, 0.3, 0.3, 0.2, 0.3, 0.3, 0.3, 0.3, 0.3, 0.3, 0.3, 0.2, 0.1, 0.1, 0.1, 0.2, 0.2, 0.2, 0.2, 0.2, 0.3, 0.3, 0.3, 0.2, 0.2, 0.2, 0.3, 0.3]

Probabilidade de P: 0.3
Total de tentativas: 43
Densidade vazia: [0.9, 0.8, 0.8, 0.8, 0.8, 0.7, 0.6, 0.6, 0.6, 0.6, 0.6, 0.6, 0.5, 0.7, 0.7, 0.7, 0.6, 0.8, 0.7, 0.7, 0.7, 0.7, 0.7, 0.7, 0.6, 0.7, 0.8, 0.9, 0.9, 0.8, 0.8, 0.7, 0.7, 0.7, 0.6, 0.5, 0.6, 0.8, 0.7, 0.8, 0.7, 0.6, 0.7]
Densidade P: [0.0, 0.0, 0.0, 0.0, 0.0, 0.1, 0.1, 0.1, 0.1, 0.1, 0.1, 0.1, 0.1, 0.0, 0.0, 0.0, 0.1, 0.0, 0.0, 0.0, 0.0, 0.0, 0.0, 0.0, 0.1, 0.1, 0.1, 0.0, 0.0, 0.0, 0.0, 0.1, 0.1, 0.1, 0.1, 0.2, 0.1, 0.0, 0.1, 0.0, 0.0, 0.1, 0.1]
Densidade G: [0.1, 0.2, 0.2, 0.2, 0.2, 0.2, 0.3, 0.3, 0.3, 0.3, 0.3, 0.3, 0.4, 0.3, 0.3, 0.3, 0.3, 0.2, 0.3, 0.3, 0.3, 0.3, 0.3, 0.3, 0.3, 0.2, 0.1, 0.1, 0.1, 0.2, 0.2, 0.2, 0.2, 0.2, 0.3, 0.3, 0.3, 0.2, 0.2, 0.2, 0.3, 0.3, 0.2]

Probabilidade de P: 0.3
Total de tentativas: 44
Densidade vazia: [0.9, 0.8, 0.8, 0.8, 0.8, 0.7, 0.6, 0.6, 0.6, 0.6, 0.6, 0.6, 0.5, 0.7, 0.7, 0.7, 0.6, 0.8, 0.7, 0.7, 0.7, 0.7, 0.7, 0.7, 0.6, 0.7, 0.8, 0.9, 0.9, 0.8, 0.8, 0.7, 0.7, 0.7, 0.6, 0.5, 0.6, 0.8, 0.7, 0.8, 0.7, 0.6, 0.7, 0.6]
Densidade P: [0.0, 0.0, 0.0, 0.0, 0.0, 0.1, 0.1, 0.1, 0.1, 0.1, 0.1, 0.1, 0.1, 0.0, 0.0, 0.0, 0.1, 0.0, 0.0, 0.0, 0.0, 0.0, 0.0, 0.0, 0.1, 0.1, 0.1, 0.0, 0.0, 0.0, 0.0, 0.1, 0.1, 0.1, 0.1, 0.2, 0.1, 0.0, 0.1, 0.0, 0.0, 0.1, 0.1, 0.2]
Densidade G: [0.1, 0.2, 0.2, 0.2, 0.2, 0.2, 0.3, 0.3, 0.3, 0.3, 0.3, 0.3, 0.4, 0.3, 0.3, 0.3, 0.3, 0.2, 0.3, 0.3, 0.3, 0.3, 0.3, 0.3, 0.3, 0.2, 0.1, 0.1, 0.1, 0.2, 0.2, 0.2, 0.2, 0.2, 0.3, 0.3, 0.3, 0.2, 0.2, 0.2, 0.3, 0.3, 0.2, 0.2]

Probabilidade de P: 0.3
Total de tentativas: 45
Densidade vazia: [0.9, 0.8, 0.8, 0.8, 0.8, 0.7, 0.6, 0.6, 0.6, 0.6, 0.6, 0.6, 0.5, 0.7, 0.7, 0.7, 0.6, 0.8, 0.7, 0.7, 0.7, 0.7, 0.7, 0.7, 0.6, 0.7, 0.8, 0.9, 0.9, 0.8, 0.8, 0.7, 0.7, 0.7, 0.6, 0.5, 0.6, 0.8, 0.7, 0.8, 0.7, 0.6, 0.7, 0.6, 0.7]
Densidade P: [0.0, 0.0, 0.0, 0.0, 0.0, 0.1, 0.1, 0.1, 0.1, 0.1, 0.1, 0.1, 0.1, 0.0, 0.0, 0.0, 0.1, 0.0, 0.0, 0.0, 0.0, 0.0, 0.0, 0.0, 0.1, 0.1, 0.1, 0.0, 0.0, 0.0, 0.0, 0.1, 0.1, 0.1, 0.1, 0.2, 0.1, 0.0, 0.1, 0.0, 0.0, 0.1, 0.1, 0.2, 0.2]
Densidade G: [0.1, 0.2, 0.2, 0.2, 0.2, 0.2, 0.3, 0.3, 0.3, 0.3, 0.3, 0.3, 0.4, 0.3, 0.3, 0.3, 0.3, 0.2, 0.3, 0.3, 0.3, 0.3, 0.3, 0.3, 0.3, 0.2, 0.1, 0.1, 0.1, 0.2, 0.2, 0.2, 0.2, 0.2, 0.3, 0.3, 0.3, 0.2, 0.2, 0.2, 0.3, 0.3, 0.2, 0.2, 0.1]

Probabilidade de P: 0.3
Total de tentativas: 46
Densidade vazia: [0.9, 0.8, 0.8, 0.8, 0.8, 0.7, 0.6, 0.6, 0.6, 0.6, 0.6, 0.6, 0.5, 0.7, 0.7, 0.7, 0.6, 0.8, 0.7, 0.7, 0.7, 0.7, 0.7, 0.7, 0.6, 0.7, 0.8, 0.9, 0.9, 0.8, 0.8, 0.7, 0.7, 0.7, 0.6, 0.5, 0.6, 0.8, 0.7, 0.8, 0.7, 0.6, 0.7, 0.6, 0.7, 0.6]
Densidade P: [0.0, 0.0, 0.0, 0.0, 0.0, 0.1, 0.1, 0.1, 0.1, 0.1, 0.1, 0.1, 0.1, 0.0, 0.0, 0.0, 0.1, 0.0, 0.0, 0.0, 0.0, 0.0, 0.0, 0.0, 0.1, 0.1, 0.1, 0.0, 0.0, 0.0, 0.0, 0.1, 0.1, 0.1, 0.1, 0.2, 0.1, 0.0, 0.1, 0.0, 0.0, 0.1, 0.1, 0.2, 0.2, 0.2]
Densidade G: [0.1, 0.2, 0.2, 0.2, 0.2, 0.2, 0.3, 0.3, 0.3, 0.3, 0.3, 0.3, 0.4, 0.3, 0.3, 0.3, 0.3, 0.2, 0.3, 0.3, 0.3, 0.3, 0.3, 0.3, 0.3, 0.2, 0.1, 0.1, 0.1, 0.2, 0.2, 0.2, 0.2, 0.2, 0.3, 0.3, 0.3, 0.2, 0.2, 0.2, 0.3, 0.3, 0.2, 0.2, 0.1, 0.2]

Probabilidade de P: 0.3
Total de tentativas: 47
Densidade vazia: [0.9, 0.8, 0.8, 0.8, 0.8, 0.7, 0.6, 0.6, 0.6, 0.6, 0.6, 0.6, 0.5, 0.7, 0.7, 0.7, 0.6, 0.8, 0.7, 0.7, 0.7, 0.7, 0.7, 0.7, 0.6, 0.7, 0.8, 0.9, 0.9, 0.8, 0.8, 0.7, 0.7, 0.7, 0.6, 0.5, 0.6, 0.8, 0.7, 0.8, 0.7, 0.6, 0.7, 0.6, 0.7, 0.6, 0.5]
Densidade P: [0.0, 0.0, 0.0, 0.0, 0.0, 0.1, 0.1, 0.1, 0.1, 0.1, 0.1, 0.1, 0.1, 0.0, 0.0, 0.0, 0.1, 0.0, 0.0, 0.0, 0.0, 0.0, 0.0, 0.0, 0.1, 0.1, 0.1, 0.0, 0.0, 0.0, 0.0, 0.1, 0.1, 0.1, 0.1, 0.2, 0.1, 0.0, 0.1, 0.0, 0.0, 0.1, 0.1, 0.2, 0.2, 0.2, 0.3]
Densidade G: [0.1, 0.2, 0.2, 0.2, 0.2, 0.2, 0.3, 0.3, 0.3, 0.3, 0.3, 0.3, 0.4, 0.3, 0.3, 0.3, 0.3, 0.2, 0.3, 0.3, 0.3, 0.3, 0.3, 0.3, 0.3, 0.2, 0.1, 0.1, 0.1, 0.2, 0.2, 0.2, 0.2, 0.2, 0.3, 0.3, 0.3, 0.2, 0.2, 0.2, 0.3, 0.3, 0.2, 0.2, 0.1, 0.2, 0.2]

Probabilidade de P: 0.3
Total de tentativas: 48
Densidade vazia: [0.9, 0.8, 0.8, 0.8, 0.8, 0.7, 0.6, 0.6, 0.6, 0.6, 0.6, 0.6, 0.5, 0.7, 0.7, 0.7, 0.6, 0.8, 0.7, 0.7, 0.7, 0.7, 0.7, 0.7, 0.6, 0.7, 0.8, 0.9, 0.9, 0.8, 0.8, 0.7, 0.7, 0.7, 0.6, 0.5, 0.6, 0.8, 0.7, 0.8, 0.7, 0.6, 0.7, 0.6, 0.7, 0.6, 0.5, 0.4]
Densidade P: [0.0, 0.0, 0.0, 0.0, 0.0, 0.1, 0.1, 0.1, 0.1, 0.1, 0.1, 0.1, 0.1, 0.0, 0.0, 0.0, 0.1, 0.0, 0.0, 0.0, 0.0, 0.0, 0.0, 0.0, 0.1, 0.1, 0.1, 0.0, 0.0, 0.0, 0.0, 0.1, 0.1, 0.1, 0.1, 0.2, 0.1, 0.0, 0.1, 0.0, 0.0, 0.1, 0.1, 0.2, 0.2, 0.2, 0.3, 0.3]
Densidade G: [0.1, 0.2, 0.2, 0.2, 0.2, 0.2, 0.3, 0.3, 0.3, 0.3, 0.3, 0.3, 0.4, 0.3, 0.3, 0.3, 0.3, 0.2, 0.3, 0.3, 0.3, 0.3, 0.3, 0.3, 0.3, 0.2, 0.1, 0.1, 0.1, 0.2, 0.2, 0.2, 0.2, 0.2, 0.3, 0.3, 0.3, 0.2, 0.2, 0.2, 0.3, 0.3, 0.2, 0.2, 0.1, 0.2, 0.2, 0.3]

Probabilidade de P: 0.3
Total de tentativas: 49
Densidade vazia: [0.9, 0.8, 0.8, 0.8, 0.8, 0.7, 0.6, 0.6, 0.6, 0.6, 0.6, 0.6, 0.5, 0.7, 0.7, 0.7, 0.6, 0.8, 0.7, 0.7, 0.7, 0.7, 0.7, 0.7, 0.6, 0.7, 0.8, 0.9, 0.9, 0.8, 0.8, 0.7, 0.7, 0.7, 0.6, 0.5, 0.6, 0.8, 0.7, 0.8, 0.7, 0.6, 0.7, 0.6, 0.7, 0.6, 0.5, 0.4, 0.8]
Densidade P: [0.0, 0.0, 0.0, 0.0, 0.0, 0.1, 0.1, 0.1, 0.1, 0.1, 0.1, 0.1, 0.1, 0.0, 0.0, 0.0, 0.1, 0.0, 0.0, 0.0, 0.0, 0.0, 0.0, 0.0, 0.1, 0.1, 0.1, 0.0, 0.0, 0.0, 0.0, 0.1, 0.1, 0.1, 0.1, 0.2, 0.1, 0.0, 0.1, 0.0, 0.0, 0.1, 0.1, 0.2, 0.2, 0.2, 0.3, 0.3, 0.1]
Densidade G: [0.1, 0.2, 0.2, 0.2, 0.2, 0.2, 0.3, 0.3, 0.3, 0.3, 0.3, 0.3, 0.4, 0.3, 0.3, 0.3, 0.3, 0.2, 0.3, 0.3, 0.3, 0.3, 0.3, 0.3, 0.3, 0.2, 0.1, 0.1, 0.1, 0.2, 0.2, 0.2, 0.2, 0.2, 0.3, 0.3, 0.3, 0.2, 0.2, 0.2, 0.3, 0.3, 0.2, 0.2, 0.1, 0.2, 0.2, 0.3, 0.1]

Probabilidade de P: 0.3
Total de tentativas: 50
Densidade vazia: [0.9, 0.8, 0.8, 0.8, 0.8, 0.7, 0.6, 0.6, 0.6, 0.6, 0.6, 0.6, 0.5, 0.7, 0.7, 0.7, 0.6, 0.8, 0.7, 0.7, 0.7, 0.7, 0.7, 0.7, 0.6, 0.7, 0.8, 0.9, 0.9, 0.8, 0.8, 0.7, 0.7, 0.7, 0.6, 0.5, 0.6, 0.8, 0.7, 0.8, 0.7, 0.6, 0.7, 0.6, 0.7, 0.6, 0.5, 0.4, 0.8, 0.7]
Densidade P: [0.0, 0.0, 0.0, 0.0, 0.0, 0.1, 0.1, 0.1, 0.1, 0.1, 0.1, 0.1, 0.1, 0.0, 0.0, 0.0, 0.1, 0.0, 0.0, 0.0, 0.0, 0.0, 0.0, 0.0, 0.1, 0.1, 0.1, 0.0, 0.0, 0.0, 0.0, 0.1, 0.1, 0.1, 0.1, 0.2, 0.1, 0.0, 0.1, 0.0, 0.0, 0.1, 0.1, 0.2, 0.2, 0.2, 0.3, 0.3, 0.1, 0.1]
Densidade G: [0.1, 0.2, 0.2, 0.2, 0.2, 0.2, 0.3, 0.3, 0.3, 0.3, 0.3, 0.3, 0.4, 0.3, 0.3, 0.3, 0.3, 0.2, 0.3, 0.3, 0.3, 0.3, 0.3, 0.3, 0.3, 0.2, 0.1, 0.1, 0.1, 0.2, 0.2, 0.2, 0.2, 0.2, 0.3, 0.3, 0.3, 0.2, 0.2, 0.2, 0.3, 0.3, 0.2, 0.2, 0.1, 0.2, 0.2, 0.3, 0.1, 0.2]
